
                            < M A T L A B (R) >
                  Copyright 1984-2008 The MathWorks, Inc.
                         Version 7.6.0.324 (R2008a)
                             February 10, 2008

 
  To get started, type one of these: helpwin, helpdesk, or demo.
  For product information, visit www.mathworks.com.
 
====================================================
                 TT = 0.1
====================================================
    0.0100         0   32.0000    0.0010    1.0000    9.0000   17.0000
    0.0100         0   64.0000    0.0010    1.0000   18.0000   21.0000
    0.0100         0  128.0000    0.0010    1.0000   43.0000   24.0000
    0.0100         0  256.0000    0.0010    1.0000  110.0000   24.0000
====================================================
    0.0100    1.0000   32.0000    0.0010    1.0000   11.0000   18.0000
    0.0100    1.0000   64.0000    0.0010    1.0000   23.0000   21.0000
    0.0100    1.0000  128.0000    0.0010    1.0000   47.0000   24.0000
    0.0100    1.0000  256.0000    0.0010    1.0000  119.0000   24.0000
====================================================
    0.0100   10.0000   32.0000    0.0001    1.0000    8.0000   14.0000
    0.0100   10.0000   64.0000    0.0001    1.0000   12.0000   20.0000
    0.0100   10.0000  128.0000    0.0001    1.0000   21.0000   24.0000
    0.0100   10.0000  256.0000    0.0001    1.0000   56.0000   24.0000
====================================================
    0.1000         0   32.0000    0.0010    1.0000    8.0000   14.0000
    0.1000         0   64.0000    0.0010    1.0000   17.0000   21.0000
    0.1000         0  128.0000    0.0010    1.0000   42.0000   24.0000
    0.1000         0  256.0000    0.0010    1.0000  109.0000   24.0000
====================================================
    0.1000    1.0000   32.0000    0.0010    1.0000    9.0000   14.0000
    0.1000    1.0000   64.0000    0.0010    1.0000   21.0000   21.0000
    0.1000    1.0000  128.0000    0.0010    1.0000   46.0000   24.0000
    0.1000    1.0000  256.0000    0.0010    1.0000  117.0000   24.0000
====================================================
    0.1000   10.0000   32.0000    0.0001    1.0000    7.0000   13.0000
    0.1000   10.0000   64.0000    0.0001    1.0000   10.0000   20.0000
    0.1000   10.0000  128.0000    0.0001    1.0000   20.0000   24.0000
    0.1000   10.0000  256.0000    0.0001    1.0000   54.0000   24.0000
====================================================
    1.0000         0   32.0000    0.0010    1.0000    5.0000   11.0000
    1.0000         0   64.0000    0.0010    1.0000   14.0000   21.0000
    1.0000         0  128.0000    0.0010    1.0000   36.0000   24.0000
    1.0000         0  256.0000    0.0010    1.0000   93.0000   24.0000
====================================================
    1.0000    1.0000   32.0000    0.0010    1.0000    6.0000   13.0000
    1.0000    1.0000   64.0000    0.0010    1.0000   14.0000   21.0000
    1.0000    1.0000  128.0000    0.0010    1.0000   38.0000   24.0000
    1.0000    1.0000  256.0000    0.0010    1.0000   96.0000   24.0000
====================================================
    1.0000   10.0000   32.0000    0.0001    1.0000    3.0000   12.0000
    1.0000   10.0000   64.0000    0.0001    1.0000    6.0000   15.0000
    1.0000   10.0000  128.0000    0.0001    1.0000   16.0000   23.0000
    1.0000   10.0000  256.0000    0.0001    1.0000   41.0000   23.0000
====================================================
   10.0000         0   32.0000    0.0010    1.0000    5.0000   11.0000
   10.0000         0   64.0000    0.0010    1.0000    7.0000   18.0000
   10.0000         0  128.0000    0.0010    1.0000   19.0000   24.0000
   10.0000         0  256.0000    0.0010    1.0000   52.0000   24.0000
====================================================
   10.0000    1.0000   32.0000    0.0010    1.0000    7.0000   13.0000
   10.0000    1.0000   64.0000    0.0010    1.0000   10.0000   21.0000
   10.0000    1.0000  128.0000    0.0010    1.0000   24.0000   24.0000
   10.0000    1.0000  256.0000    0.0010    1.0000   62.0000   24.0000
====================================================
   10.0000   10.0000   32.0000    0.0001    1.0000    6.0000   12.0000
   10.0000   10.0000   64.0000    0.0001    1.0000    6.0000   15.0000
   10.0000   10.0000  128.0000    0.0001    1.0000   10.0000   24.0000
   10.0000   10.0000  256.0000    0.0001    1.0000   26.0000   24.0000
====================================================
  100.0000         0   32.0000    0.0010    1.0000    4.0000   10.0000
  100.0000         0   64.0000    0.0010    1.0000    5.0000   13.0000
  100.0000         0  128.0000    0.0010    1.0000    8.0000   21.0000
  100.0000         0  256.0000    0.0010    1.0000   21.0000   23.0000
====================================================
  100.0000    1.0000   32.0000    0.0010    1.0000    7.0000   14.0000
  100.0000    1.0000   64.0000    0.0010    1.0000    7.0000   15.0000
  100.0000    1.0000  128.0000    0.0010    1.0000   12.0000   24.0000
  100.0000    1.0000  256.0000    0.0010    1.0000   30.0000   24.0000
====================================================
  100.0000   10.0000   32.0000    0.0001    1.0000    7.0000   14.0000
  100.0000   10.0000   64.0000    0.0001    1.0000    7.0000   15.0000
  100.0000   10.0000  128.0000    0.0001    1.0000    7.0000   18.0000
  100.0000   10.0000  256.0000    0.0001    1.0000   12.0000   23.0000
====================================================
                 TT = 1
====================================================
    0.0100         0   32.0000    0.0100    1.0000   12.0000   18.0000
    0.0100         0   64.0000    0.0100    1.0000   24.0000   21.0000
    0.0100         0  128.0000    0.0100    1.0000   60.0000   24.0000
    0.0100         0  256.0000    0.0100    1.0000  154.0000   24.0000
====================================================
    0.0100    1.0000   32.0000    0.0100    1.0000   18.0000   18.0000
    0.0100    1.0000   64.0000    0.0100    1.0000   41.0000   21.0000
    0.0100    1.0000  128.0000    0.0100    1.0000   89.0000   24.0000
    0.0100    1.0000  256.0000    0.0100    1.0000  212.0000   24.0000
====================================================
    0.0100   10.0000   32.0000    0.0010    1.0000   11.0000   18.0000
    0.0100   10.0000   64.0000    0.0010    1.0000   24.0000   21.0000
    0.0100   10.0000  128.0000    0.0010    1.0000   48.0000   24.0000
    0.0100   10.0000  256.0000    0.0010    1.0000  123.0000   24.0000
====================================================
    0.1000         0   32.0000    0.0100    1.0000   11.0000   18.0000
    0.1000         0   64.0000    0.0100    1.0000   24.0000   21.0000
    0.1000         0  128.0000    0.0100    1.0000   59.0000   24.0000
    0.1000         0  256.0000    0.0100    1.0000  154.0000   24.0000
====================================================
    0.1000    1.0000   32.0000    0.0100    1.0000   17.0000   18.0000
    0.1000    1.0000   64.0000    0.0100    1.0000   38.0000   21.0000
    0.1000    1.0000  128.0000    0.0100    1.0000   89.0000   24.0000
    0.1000    1.0000  256.0000    0.0100    1.0000  210.0000   24.0000
====================================================
    0.1000   10.0000   32.0000    0.0010    1.0000   10.0000   15.0000
    0.1000   10.0000   64.0000    0.0010    1.0000   21.0000   21.0000
    0.1000   10.0000  128.0000    0.0010    1.0000   48.0000   24.0000
    0.1000   10.0000  256.0000    0.0010    1.0000  121.0000   24.0000
====================================================
    1.0000         0   32.0000    0.0100    1.0000    8.0000   18.0000
    1.0000         0   64.0000    0.0100    1.0000   22.0000   21.0000
    1.0000         0  128.0000    0.0100    1.0000   57.0000   24.0000
    1.0000         0  256.0000    0.0100    1.0000  148.0000   24.0000
====================================================
    1.0000    1.0000   32.0000    0.0100    1.0000   12.0000   18.0000
    1.0000    1.0000   64.0000    0.0100    1.0000   30.0000   21.0000
    1.0000    1.0000  128.0000    0.0100    1.0000   76.0000   24.0000
    1.0000    1.0000  256.0000    0.0100    1.0000  186.0000   24.0000
====================================================
    1.0000   10.0000   32.0000    0.0010    1.0000    6.0000   14.0000
    1.0000   10.0000   64.0000    0.0010    1.0000   14.0000   21.0000
    1.0000   10.0000  128.0000    0.0010    1.0000   38.0000   24.0000
    1.0000   10.0000  256.0000    0.0010    1.0000   97.0000   24.0000
====================================================
   10.0000         0   32.0000    0.0100    1.0000    7.0000   13.0000
   10.0000         0   64.0000    0.0100    1.0000   17.0000   21.0000
   10.0000         0  128.0000    0.0100    1.0000   44.0000   24.0000
   10.0000         0  256.0000    0.0100    1.0000  111.0000   24.0000
====================================================
   10.0000    1.0000   32.0000    0.0100    1.0000    9.0000   15.0000
   10.0000    1.0000   64.0000    0.0100    1.0000   21.0000   21.0000
   10.0000    1.0000  128.0000    0.0100    1.0000   52.0000   24.0000
   10.0000    1.0000  256.0000    0.0100    1.0000  131.0000   24.0000
====================================================
   10.0000   10.0000   32.0000    0.0010    1.0000    7.0000   13.0000
   10.0000   10.0000   64.0000    0.0010    1.0000   10.0000   21.0000
   10.0000   10.0000  128.0000    0.0010    1.0000   24.0000   24.0000
   10.0000   10.0000  256.0000    0.0010    1.0000   62.0000   24.0000
====================================================
  100.0000         0   32.0000    0.0100    1.0000    5.0000   11.0000
  100.0000         0   64.0000    0.0100    1.0000    7.0000   18.0000
  100.0000         0  128.0000    0.0100    1.0000   20.0000   24.0000
  100.0000         0  256.0000    0.0100    1.0000   54.0000   24.0000
====================================================
  100.0000    1.0000   32.0000    0.0100    1.0000    8.0000   13.0000
  100.0000    1.0000   64.0000    0.0100    1.0000   12.0000   21.0000
  100.0000    1.0000  128.0000    0.0100    1.0000   27.0000   24.0000
  100.0000    1.0000  256.0000    0.0100    1.0000   70.0000   24.0000
====================================================
  100.0000   10.0000   32.0000    0.0010    1.0000    8.0000   13.0000
  100.0000   10.0000   64.0000    0.0010    1.0000    8.0000   15.0000
  100.0000   10.0000  128.0000    0.0010    1.0000   13.0000   24.0000
  100.0000   10.0000  256.0000    0.0010    1.0000   30.0000   24.0000
====================================================
                 TT = 4
====================================================
