====================================================
                 TT = 0.1
====================================================
    0.0100         0   32.0000    0.0010    1.0000    9.0000   17.0000
    0.0100         0   64.0000    0.0010    1.0000   18.0000   21.0000
    0.0100         0  128.0000    0.0010    1.0000   43.0000   24.0000
    0.0100         0  256.0000    0.0010    1.0000  110.0000   24.0000
====================================================
    0.0100    1.0000   32.0000    0.0010    1.0000   11.0000   18.0000
    0.0100    1.0000   64.0000    0.0010    1.0000   23.0000   21.0000
    0.0100    1.0000  128.0000    0.0010    1.0000   47.0000   24.0000
    0.0100    1.0000  256.0000    0.0010    1.0000  119.0000   24.0000
====================================================
    0.0100   10.0000   32.0000    0.0001    1.0000    8.0000   14.0000
    0.0100   10.0000   64.0000    0.0001    1.0000   12.0000   20.0000
    0.0100   10.0000  128.0000    0.0001    1.0000   21.0000   24.0000
    0.0100   10.0000  256.0000    0.0001    1.0000   56.0000   24.0000
====================================================
    0.1000         0   32.0000    0.0010    1.0000    8.0000   14.0000
    0.1000         0   64.0000    0.0010    1.0000   17.0000   21.0000
    0.1000         0  128.0000    0.0010    1.0000   42.0000   24.0000
    0.1000         0  256.0000    0.0010    1.0000  109.0000   24.0000
====================================================
    0.1000    1.0000   32.0000    0.0010    1.0000    9.0000   14.0000
    0.1000    1.0000   64.0000    0.0010    1.0000   21.0000   21.0000
    0.1000    1.0000  128.0000    0.0010    1.0000   46.0000   24.0000
    0.1000    1.0000  256.0000    0.0010    1.0000  117.0000   24.0000
====================================================
    0.1000   10.0000   32.0000    0.0001    1.0000    7.0000   13.0000
    0.1000   10.0000   64.0000    0.0001    1.0000   10.0000   20.0000
    0.1000   10.0000  128.0000    0.0001    1.0000   20.0000   24.0000
    0.1000   10.0000  256.0000    0.0001    1.0000   54.0000   24.0000
====================================================
    1.0000         0   32.0000    0.0010    1.0000    5.0000   11.0000
    1.0000         0   64.0000    0.0010    1.0000   14.0000   21.0000
    1.0000         0  128.0000    0.0010    1.0000   36.0000   24.0000
    1.0000         0  256.0000    0.0010    1.0000   93.0000   24.0000
====================================================
    1.0000    1.0000   32.0000    0.0010    1.0000    6.0000   13.0000
    1.0000    1.0000   64.0000    0.0010    1.0000   14.0000   21.0000
    1.0000    1.0000  128.0000    0.0010    1.0000   38.0000   24.0000
    1.0000    1.0000  256.0000    0.0010    1.0000   96.0000   24.0000
====================================================
    1.0000   10.0000   32.0000    0.0001    1.0000    3.0000   12.0000
    1.0000   10.0000   64.0000    0.0001    1.0000    6.0000   15.0000
    1.0000   10.0000  128.0000    0.0001    1.0000   16.0000   23.0000
    1.0000   10.0000  256.0000    0.0001    1.0000   41.0000   23.0000
====================================================
   10.0000         0   32.0000    0.0010    1.0000    5.0000   11.0000
   10.0000         0   64.0000    0.0010    1.0000    7.0000   18.0000
   10.0000         0  128.0000    0.0010    1.0000   19.0000   24.0000
   10.0000         0  256.0000    0.0010    1.0000   52.0000   24.0000
====================================================
   10.0000    1.0000   32.0000    0.0010    1.0000    7.0000   13.0000
   10.0000    1.0000   64.0000    0.0010    1.0000   10.0000   21.0000
   10.0000    1.0000  128.0000    0.0010    1.0000   24.0000   24.0000
   10.0000    1.0000  256.0000    0.0010    1.0000   62.0000   24.0000
====================================================
   10.0000   10.0000   32.0000    0.0001    1.0000    6.0000   12.0000
   10.0000   10.0000   64.0000    0.0001    1.0000    6.0000   15.0000
   10.0000   10.0000  128.0000    0.0001    1.0000   10.0000   24.0000
   10.0000   10.0000  256.0000    0.0001    1.0000   26.0000   24.0000
====================================================
  100.0000         0   32.0000    0.0010    1.0000    4.0000   10.0000
  100.0000         0   64.0000    0.0010    1.0000    5.0000   13.0000
  100.0000         0  128.0000    0.0010    1.0000    8.0000   21.0000
  100.0000         0  256.0000    0.0010    1.0000   21.0000   23.0000
====================================================
  100.0000    1.0000   32.0000    0.0010    1.0000    7.0000   14.0000
  100.0000    1.0000   64.0000    0.0010    1.0000    7.0000   15.0000
  100.0000    1.0000  128.0000    0.0010    1.0000   12.0000   24.0000
  100.0000    1.0000  256.0000    0.0010    1.0000   30.0000   24.0000
====================================================
  100.0000   10.0000   32.0000    0.0001    1.0000    7.0000   14.0000
  100.0000   10.0000   64.0000    0.0001    1.0000    7.0000   15.0000
  100.0000   10.0000  128.0000    0.0001    1.0000    7.0000   18.0000
  100.0000   10.0000  256.0000    0.0001    1.0000   12.0000   23.0000
====================================================
                 TT = 1
====================================================
    0.0100         0   32.0000    0.0100    1.0000   12.0000   18.0000
    0.0100         0   64.0000    0.0100    1.0000   24.0000   21.0000
    0.0100         0  128.0000    0.0100    1.0000   60.0000   24.0000
    0.0100         0  256.0000    0.0100    1.0000  154.0000   24.0000
====================================================
    0.0100    1.0000   32.0000    0.0100    1.0000   18.0000   18.0000
    0.0100    1.0000   64.0000    0.0100    1.0000   41.0000   21.0000
    0.0100    1.0000  128.0000    0.0100    1.0000   89.0000   24.0000
    0.0100    1.0000  256.0000    0.0100    1.0000  212.0000   24.0000
====================================================
    0.0100   10.0000   32.0000    0.0010    1.0000   11.0000   18.0000
    0.0100   10.0000   64.0000    0.0010    1.0000   24.0000   21.0000
    0.0100   10.0000  128.0000    0.0010    1.0000   48.0000   24.0000
    0.0100   10.0000  256.0000    0.0010    1.0000  123.0000   24.0000
====================================================
    0.1000         0   32.0000    0.0100    1.0000   11.0000   18.0000
    0.1000         0   64.0000    0.0100    1.0000   24.0000   21.0000
    0.1000         0  128.0000    0.0100    1.0000   59.0000   24.0000
    0.1000         0  256.0000    0.0100    1.0000  154.0000   24.0000
====================================================
    0.1000    1.0000   32.0000    0.0100    1.0000   17.0000   18.0000
    0.1000    1.0000   64.0000    0.0100    1.0000   38.0000   21.0000
    0.1000    1.0000  128.0000    0.0100    1.0000   89.0000   24.0000
    0.1000    1.0000  256.0000    0.0100    1.0000  210.0000   24.0000
====================================================
    0.1000   10.0000   32.0000    0.0010    1.0000   10.0000   15.0000
    0.1000   10.0000   64.0000    0.0010    1.0000   21.0000   21.0000
    0.1000   10.0000  128.0000    0.0010    1.0000   48.0000   24.0000
    0.1000   10.0000  256.0000    0.0010    1.0000  121.0000   24.0000
====================================================
    1.0000         0   32.0000    0.0100    1.0000    8.0000   18.0000
    1.0000         0   64.0000    0.0100    1.0000   22.0000   21.0000
    1.0000         0  128.0000    0.0100    1.0000   57.0000   24.0000
    1.0000         0  256.0000    0.0100    1.0000  148.0000   24.0000
====================================================
    1.0000    1.0000   32.0000    0.0100    1.0000   12.0000   18.0000
    1.0000    1.0000   64.0000    0.0100    1.0000   30.0000   21.0000
    1.0000    1.0000  128.0000    0.0100    1.0000   76.0000   24.0000
    1.0000    1.0000  256.0000    0.0100    1.0000  186.0000   24.0000
====================================================
    1.0000   10.0000   32.0000    0.0010    1.0000    6.0000   14.0000
    1.0000   10.0000   64.0000    0.0010    1.0000   14.0000   21.0000
    1.0000   10.0000  128.0000    0.0010    1.0000   38.0000   24.0000
    1.0000   10.0000  256.0000    0.0010    1.0000   97.0000   24.0000
====================================================
   10.0000         0   32.0000    0.0100    1.0000    7.0000   13.0000
   10.0000         0   64.0000    0.0100    1.0000   17.0000   21.0000
   10.0000         0  128.0000    0.0100    1.0000   44.0000   24.0000
   10.0000         0  256.0000    0.0100    1.0000  111.0000   24.0000
====================================================
   10.0000    1.0000   32.0000    0.0100    1.0000    9.0000   15.0000
   10.0000    1.0000   64.0000    0.0100    1.0000   21.0000   21.0000
   10.0000    1.0000  128.0000    0.0100    1.0000   52.0000   24.0000
   10.0000    1.0000  256.0000    0.0100    1.0000  131.0000   24.0000
====================================================
   10.0000   10.0000   32.0000    0.0010    1.0000    7.0000   13.0000
   10.0000   10.0000   64.0000    0.0010    1.0000   10.0000   21.0000
   10.0000   10.0000  128.0000    0.0010    1.0000   24.0000   24.0000
   10.0000   10.0000  256.0000    0.0010    1.0000   62.0000   24.0000
====================================================
  100.0000         0   32.0000    0.0100    1.0000    5.0000   11.0000
  100.0000         0   64.0000    0.0100    1.0000    7.0000   18.0000
  100.0000         0  128.0000    0.0100    1.0000   20.0000   24.0000
  100.0000         0  256.0000    0.0100    1.0000   54.0000   24.0000
====================================================
  100.0000    1.0000   32.0000    0.0100    1.0000    8.0000   13.0000
  100.0000    1.0000   64.0000    0.0100    1.0000   12.0000   21.0000
  100.0000    1.0000  128.0000    0.0100    1.0000   27.0000   24.0000

++++++++++++++++++++++++++++++++++++++++++++++++++++++++++++++++++++++++
12  &18  &11  &11  &17  &10  & 8  &12  & 6  & 7  & 9  & 7  & 5  & 8  & 8
24  &41	 &24  &24  &38	&21  &22  &30  &14  &17	 &21  &10  & 7	&12  & 8
60  &89	 &48  &59  &89	&48  &57  &76  &38  &44	 &52  &24  &20	&27  &13
54  &12	 &23  &54  &10	&21  &48  &86  &97  &11	 &31  &62  &54	&70  &30



