
                            < M A T L A B (R) >
                  Copyright 1984-2008 The MathWorks, Inc.
                         Version 7.6.0.324 (R2008a)
                             February 10, 2008

 
  To get started, type one of these: helpwin, helpdesk, or demo.
  For product information, visit www.mathworks.com.
 
====================================================
                 TT = 0.1
====================================================
    0.0100         0   32.0000    0.0010    1.0000    4.0000   13.0000
    0.0100         0   64.0000    0.0010    1.0000    3.0000   14.0000
    0.0100         0  128.0000    0.0010    1.0000    2.0000   14.0000
    0.0100         0  256.0000    0.0010    1.0000    1.0000   16.0000
====================================================
    0.0100    1.0000   32.0000    0.0010    1.0000    5.0000   13.0000
    0.0100    1.0000   64.0000    0.0010    1.0000    4.0000   15.0000
    0.0100    1.0000  128.0000    0.0010    1.0000    2.0000   16.0000
    0.0100    1.0000  256.0000    0.0010    1.0000    1.0000   17.0000
====================================================
    0.0100   10.0000   32.0000    0.0001    1.0000    1.0000   13.0000
    0.0100   10.0000   64.0000    0.0001    1.0000    1.0000   14.0000
    0.0100   10.0000  128.0000    0.0001    1.0000    1.0000   16.0000
    0.0100   10.0000  256.0000    0.0001    1.0000    1.0000   18.0000
====================================================
    0.1000         0   32.0000    0.0010    1.0000    4.0000   13.0000
    0.1000         0   64.0000    0.0010    1.0000    3.0000   15.0000
    0.1000         0  128.0000    0.0010    1.0000    2.0000   14.0000
    0.1000         0  256.0000    0.0010    1.0000    1.0000   16.0000
====================================================
    0.1000    1.0000   32.0000    0.0010    1.0000    5.0000   13.0000
    0.1000    1.0000   64.0000    0.0010    1.0000    4.0000   14.0000
    0.1000    1.0000  128.0000    0.0010    1.0000    2.0000   16.0000
    0.1000    1.0000  256.0000    0.0010    1.0000    1.0000   17.0000
====================================================
    0.1000   10.0000   32.0000    0.0001    1.0000    1.0000   13.0000
    0.1000   10.0000   64.0000    0.0001    1.0000    1.0000   14.0000
    0.1000   10.0000  128.0000    0.0001    1.0000    1.0000   16.0000
    0.1000   10.0000  256.0000    0.0001    1.0000    1.0000   18.0000
====================================================
    1.0000         0   32.0000    0.0010    1.0000    3.0000   14.0000
    1.0000         0   64.0000    0.0010    1.0000    3.0000   14.0000
    1.0000         0  128.0000    0.0010    1.0000    2.0000   14.0000
    1.0000         0  256.0000    0.0010    1.0000    1.0000   16.0000
====================================================
    1.0000    1.0000   32.0000    0.0010    1.0000    4.0000   14.0000
    1.0000    1.0000   64.0000    0.0010    1.0000    4.0000   14.0000
    1.0000    1.0000  128.0000    0.0010    1.0000    2.0000   16.0000
    1.0000    1.0000  256.0000    0.0010    1.0000    1.0000   17.0000
====================================================
    1.0000   10.0000   32.0000    0.0001    1.0000    1.0000   12.0000
    1.0000   10.0000   64.0000    0.0001    1.0000    1.0000   14.0000
    1.0000   10.0000  128.0000    0.0001    1.0000    1.0000   16.0000
    1.0000   10.0000  256.0000    0.0001    1.0000    1.0000   18.0000
====================================================
   10.0000         0   32.0000    0.0010    1.0000    1.0000   10.0000
   10.0000         0   64.0000    0.0010    1.0000    2.0000   12.0000
   10.0000         0  128.0000    0.0010    1.0000    1.0000   14.0000
   10.0000         0  256.0000    0.0010    1.0000    1.0000   17.0000
====================================================
   10.0000    1.0000   32.0000    0.0010    1.0000    1.0000   12.0000
   10.0000    1.0000   64.0000    0.0010    1.0000    2.0000   13.0000
   10.0000    1.0000  128.0000    0.0010    1.0000    1.0000   16.0000
   10.0000    1.0000  256.0000    0.0010    1.0000    1.0000   17.0000
====================================================
   10.0000   10.0000   32.0000    0.0001    1.0000    1.0000   12.0000
   10.0000   10.0000   64.0000    0.0001    1.0000    1.0000   14.0000
   10.0000   10.0000  128.0000    0.0001    1.0000    1.0000   16.0000
   10.0000   10.0000  256.0000    0.0001    1.0000    1.0000   17.0000
====================================================
  100.0000         0   32.0000    0.0010    1.0000    1.0000   10.0000
  100.0000         0   64.0000    0.0010    1.0000    1.0000   11.0000
  100.0000         0  128.0000    0.0010    1.0000    1.0000   14.0000
  100.0000         0  256.0000    0.0010    1.0000    1.0000   17.0000
====================================================
  100.0000    1.0000   32.0000    0.0010    1.0000    1.0000   11.0000
  100.0000    1.0000   64.0000    0.0010    1.0000    1.0000   13.0000
  100.0000    1.0000  128.0000    0.0010    1.0000    1.0000   15.0000
  100.0000    1.0000  256.0000    0.0010    1.0000    1.0000   17.0000
====================================================
  100.0000   10.0000   32.0000    0.0001    1.0000    1.0000   12.0000
  100.0000   10.0000   64.0000    0.0001    1.0000    1.0000   14.0000
  100.0000   10.0000  128.0000    0.0001    1.0000    1.0000   16.0000
  100.0000   10.0000  256.0000    0.0001    1.0000    1.0000   17.0000
====================================================
                 TT = 1
====================================================
    0.0100         0   32.0000    0.0100    1.0000   23.0000   19.0000
    0.0100         0   64.0000    0.0100    1.0000   29.0000   21.0000
    0.0100         0  128.0000    0.0100    1.0000   23.0000   23.0000
    0.0100         0  256.0000    0.0100    1.0000    2.0000   17.0000
====================================================
    0.0100    1.0000   32.0000    0.0100    1.0000   26.0000   19.0000
    0.0100    1.0000   64.0000    0.0100    1.0000   31.0000   21.0000
    0.0100    1.0000  128.0000    0.0100    1.0000   24.0000   23.0000
    0.0100    1.0000  256.0000    0.0100    1.0000    2.0000   18.0000
====================================================
    0.0100   10.0000   32.0000    0.0010    1.0000    6.0000   13.0000
    0.0100   10.0000   64.0000    0.0010    1.0000    5.0000   15.0000
    0.0100   10.0000  128.0000    0.0010    1.0000    2.0000   17.0000
    0.0100   10.0000  256.0000    0.0010    1.0000    1.0000   18.0000
====================================================
    0.1000         0   32.0000    0.0100    1.0000   24.0000   19.0000
    0.1000         0   64.0000    0.0100    1.0000   30.0000   21.0000
    0.1000         0  128.0000    0.0100    1.0000   24.0000   23.0000
    0.1000         0  256.0000    0.0100    1.0000    2.0000   17.0000
====================================================
    0.1000    1.0000   32.0000    0.0100    1.0000   26.0000   19.0000
    0.1000    1.0000   64.0000    0.0100    1.0000   31.0000   21.0000
    0.1000    1.0000  128.0000    0.0100    1.0000   25.0000   23.0000
    0.1000    1.0000  256.0000    0.0100    1.0000    2.0000   18.0000
====================================================
    0.1000   10.0000   32.0000    0.0010    1.0000    6.0000   13.0000
    0.1000   10.0000   64.0000    0.0010    1.0000    5.0000   15.0000
    0.1000   10.0000  128.0000    0.0010    1.0000    2.0000   17.0000
    0.1000   10.0000  256.0000    0.0010    1.0000    1.0000   18.0000
====================================================
    1.0000         0   32.0000    0.0100    1.0000   22.0000   19.0000
    1.0000         0   64.0000    0.0100    1.0000   26.0000   21.0000
    1.0000         0  128.0000    0.0100    1.0000   17.0000   23.0000
    1.0000         0  256.0000    0.0100    1.0000    2.0000   17.0000
====================================================
    1.0000    1.0000   32.0000    0.0100    1.0000   24.0000   19.0000
    1.0000    1.0000   64.0000    0.0100    1.0000   27.0000   21.0000
    1.0000    1.0000  128.0000    0.0100    1.0000   19.0000   23.0000
    1.0000    1.0000  256.0000    0.0100    1.0000    2.0000   18.0000
====================================================
    1.0000   10.0000   32.0000    0.0010    1.0000    4.0000   14.0000
    1.0000   10.0000   64.0000    0.0010    1.0000    4.0000   14.0000
    1.0000   10.0000  128.0000    0.0010    1.0000    2.0000   16.0000
    1.0000   10.0000  256.0000    0.0010    1.0000    1.0000   18.0000
====================================================
   10.0000         0   32.0000    0.0100    1.0000   13.0000   18.0000
   10.0000         0   64.0000    0.0100    1.0000    9.0000   21.0000
   10.0000         0  128.0000    0.0100    1.0000    4.0000   16.0000
   10.0000         0  256.0000    0.0100    1.0000    1.0000   17.0000
====================================================
   10.0000    1.0000   32.0000    0.0100    1.0000   12.0000   18.0000
   10.0000    1.0000   64.0000    0.0100    1.0000   10.0000   21.0000
   10.0000    1.0000  128.0000    0.0100    1.0000    5.0000   17.0000
   10.0000    1.0000  256.0000    0.0100    1.0000    1.0000   17.0000
====================================================
   10.0000   10.0000   32.0000    0.0010    1.0000    1.0000   13.0000
   10.0000   10.0000   64.0000    0.0010    1.0000    2.0000   14.0000
   10.0000   10.0000  128.0000    0.0010    1.0000    1.0000   16.0000
   10.0000   10.0000  256.0000    0.0010    1.0000    1.0000   18.0000
====================================================
  100.0000         0   32.0000    0.0100    1.0000    3.0000   10.0000
  100.0000         0   64.0000    0.0100    1.0000    3.0000   12.0000
  100.0000         0  128.0000    0.0100    1.0000    2.0000   14.0000
  100.0000         0  256.0000    0.0100    1.0000    1.0000   17.0000
====================================================
  100.0000    1.0000   32.0000    0.0100    1.0000    3.0000   12.0000
  100.0000    1.0000   64.0000    0.0100    1.0000    4.0000   14.0000
  100.0000    1.0000  128.0000    0.0100    1.0000    2.0000   16.0000
  100.0000    1.0000  256.0000    0.0100    1.0000    1.0000   17.0000
====================================================
  100.0000   10.0000   32.0000    0.0010    1.0000    1.0000   12.0000
  100.0000   10.0000   64.0000    0.0010    1.0000    1.0000   14.0000
  100.0000   10.0000  128.0000    0.0010    1.0000    1.0000   16.0000
  100.0000   10.0000  256.0000    0.0010    1.0000    1.0000   17.0000
====================================================
                 TT = 4
====================================================
    0.0100         0   32.0000    0.0400    1.0000   31.0000   18.0000
    0.0100         0   64.0000    0.0400    1.0000   49.0000   21.0000
    0.0100         0  128.0000    0.0400    1.0000   76.0000   24.0000
    0.0100         0  256.0000    0.0400    1.0000   74.0000   24.0000
====================================================
    0.0100    1.0000   32.0000    0.0400    1.0000   33.0000   18.0000
    0.0100    1.0000   64.0000    0.0400    1.0000   55.0000   24.0000
    0.0100    1.0000  128.0000    0.0400    1.0000   83.0000   24.0000
    0.0100    1.0000  256.0000    0.0400    1.0000   74.0000   24.0000
====================================================
    0.0100   10.0000   32.0000    0.0040    1.0000   24.0000   24.0000
    0.0100   10.0000   64.0000    0.0040    1.0000   20.0000   21.0000
    0.0100   10.0000  128.0000    0.0040    1.0000    7.0000   21.0000
    0.0100   10.0000  256.0000    0.0040    1.0000    1.0000   18.0000
====================================================
    0.1000         0   32.0000    0.0400    1.0000   31.0000   18.0000
    0.1000         0   64.0000    0.0400    1.0000   49.0000   21.0000
    0.1000         0  128.0000    0.0400    1.0000   76.0000   24.0000
    0.1000         0  256.0000    0.0400    1.0000   76.0000   24.0000
====================================================
    0.1000    1.0000   32.0000    0.0400    1.0000   33.0000   18.0000
    0.1000    1.0000   64.0000    0.0400    1.0000   55.0000   23.0000
    0.1000    1.0000  128.0000    0.0400    1.0000   83.0000   25.0000
    0.1000    1.0000  256.0000    0.0400    1.0000   77.0000   24.0000
====================================================
    0.1000   10.0000   32.0000    0.0040    1.0000   24.0000   24.0000
    0.1000   10.0000   64.0000    0.0040    1.0000   21.0000   21.0000
    0.1000   10.0000  128.0000    0.0040    1.0000    8.0000   20.0000
    0.1000   10.0000  256.0000    0.0040    1.0000    1.0000   18.0000
====================================================
    1.0000         0   32.0000    0.0400    1.0000   30.0000   18.0000
    1.0000         0   64.0000    0.0400    1.0000   47.0000   21.0000
    1.0000         0  128.0000    0.0400    1.0000   68.0000   24.0000
    1.0000         0  256.0000    0.0400    1.0000   53.0000   24.0000
====================================================
    1.0000    1.0000   32.0000    0.0400    1.0000   31.0000   19.0000
    1.0000    1.0000   64.0000    0.0400    1.0000   49.0000   23.0000
    1.0000    1.0000  128.0000    0.0400    1.0000   72.0000   24.0000
    1.0000    1.0000  256.0000    0.0400    1.0000   53.0000   24.0000
====================================================
    1.0000   10.0000   32.0000    0.0040    1.0000   21.0000   22.0000
    1.0000   10.0000   64.0000    0.0040    1.0000   16.0000   21.0000
    1.0000   10.0000  128.0000    0.0040    1.0000    6.0000   17.0000
    1.0000   10.0000  256.0000    0.0040    1.0000    1.0000   18.0000
====================================================
   10.0000         0   32.0000    0.0400    1.0000   24.0000   19.0000
   10.0000         0   64.0000    0.0400    1.0000   30.0000   21.0000
   10.0000         0  128.0000    0.0400    1.0000   22.0000   23.0000
   10.0000         0  256.0000    0.0400    1.0000    2.0000   17.0000
====================================================
   10.0000    1.0000   32.0000    0.0400    1.0000   32.0000   18.0000
   10.0000    1.0000   64.0000    0.0400    1.0000   32.0000   21.0000
   10.0000    1.0000  128.0000    0.0400    1.0000   23.0000   23.0000
   10.0000    1.0000  256.0000    0.0400    1.0000    2.0000   18.0000
====================================================
   10.0000   10.0000   32.0000    0.0040    1.0000    5.0000   13.0000
   10.0000   10.0000   64.0000    0.0040    1.0000    4.0000   14.0000
   10.0000   10.0000  128.0000    0.0040    1.0000    2.0000   17.0000
   10.0000   10.0000  256.0000    0.0040    1.0000    1.0000   18.0000
====================================================
  100.0000         0   32.0000    0.0400    1.0000   15.0000   18.0000
  100.0000         0   64.0000    0.0400    1.0000   15.0000   21.0000
  100.0000         0  128.0000    0.0400    1.0000    4.0000   17.0000
  100.0000         0  256.0000    0.0400    1.0000    1.0000   17.0000
====================================================
  100.0000    1.0000   32.0000    0.0400    1.0000   17.0000   18.0000
  100.0000    1.0000   64.0000    0.0400    1.0000   15.0000   21.0000
  100.0000    1.0000  128.0000    0.0400    1.0000    5.0000   17.0000
  100.0000    1.0000  256.0000    0.0400    1.0000    1.0000   17.0000
====================================================
  100.0000   10.0000   32.0000    0.0040    1.0000    2.0000   12.0000
  100.0000   10.0000   64.0000    0.0040    1.0000    2.0000   14.0000
  100.0000   10.0000  128.0000    0.0040    1.0000    1.0000   16.0000
  100.0000   10.0000  256.0000    0.0040    1.0000    1.0000   18.0000

++++++++++++++++++++++++++++++++++++++++++++++++++++++++++++++++++++
23  &26  & 6  &24  &26  & 6  &22  &24  & 4  &13  &12  & 1  & 3  & 3  & 1
29  &31	 & 5  &30  &31	& 5  &26  &27  & 4  & 9	 &10  & 2  & 3	& 4  & 1
23  &24	 & 2  &24  &25	& 2  &17  &19  & 2  & 4	 & 5  & 1  & 2	& 2  & 1
 2  & 2	 & 1  & 2  & 2	& 1  & 2  & 2  & 1  & 1	 & 1  & 1  & 1	& 1  & 1
====== 
19  &19  &13  &19  &19  &13  &19  &19  &14  &18  &18  &13  &10  &12  &12
21  &21	 &15  &21  &21	&15  &21  &21  &14  &21	 &21  &14  &12	&14  &14
23  &23	 &17  &23  &23	&17  &23  &23  &16  &16	 &17  &16  &14	&16  &16
17  &18	 &18  &17  &18	&18  &17  &18  &18  &17	 &17  &18  &17	&17  &17
=====
31  &33  &24  &31  &33  &24  &30  &31  &21  &24  &32  & 5  &15  &17  &2
49  &55	 &20  &49  &55	&21  &47  &49  &16  &30	 &32  & 4  &15	&15  &2
76  &83	 & 7  &76  &83	& 8  &68  &72  & 6  &22	 &23  & 2  & 4	& 5  &1
74  &74	 & 1  &76  &77	& 1  &53  &53  & 1  & 2	 & 2  & 1  & 1	& 1  &1
=====
18  &18  &24  &18  &18  &24  &18  &19  &22  &19 &18  &13  &18  &12  &12
21  &24  &21  &21  &23  &21  &21  &23  &21  &21	&21  &14  &21  &14  &14
24  &24	 &21  &24  &25  &20  &24  &24  &17  &23	&23  &17  &17  &16  &16
24  &24	 &18  &24  &24  &18  &24  &24  &18  &17	&18  &18  &17  &18  &18
  
  
  







