 shear		 lambda		 n		 m		 ts
---------------------------------------------------------------------------
 100		 1.00e-02	 32 		 15232		 3.9391e-04
 100		 1.00e-02	 64 		 20608		 2.9115e-04
 100		 1.00e-02	 128		 16000		 3.7500e-04
 100		 1.00e-02	 128		 22528		 -
---------------------------------------------------------------------------
 100		 1.00e-01	 128		 16512		 3.6337e-04
 100		 1.00e-01	 256		 14848		 -
---------------------------------------------------------------------------
 100		 1.00e+00	 32 		 6464		 9.2822e-04
 100		 1.00e+00	 64 		 7872		 7.6220e-04
 100		 1.00e+00	 128		 7232		 8.2965e-04
 100		 1.00e+00	 256		 7104		 8.4459e-04
---------------------------------------------------------------------------
 100		 1.00e+01	 32 		 2064		 2.9070e-03
 100		 1.00e+01	 64 		 4576		 1.3112e-03
 100		 1.00e+01	 128		 10048		 5.9713e-04
 100		 1.00e+01	 256		 18944		 -
