 shear		 lambda		 n		 m		 ts
---------------------------------------------------------------------------
 shear		 lambda		 n		 m		 ts
---------------------------------------------------------------------------
 1  		 1.00e-02	 32 		 9   		 6.6667e-01
 1  		 1.00e-02	 64 		 9   		 6.6667e-01
 1  		 1.00e-02	 128		 9   		 6.6667e-01
 1  		 1.00e-02	 256		 306 		 1.9608e-02
 1  		 1.00e-01	 32 		 9   		 6.6667e-01
 1  		 1.00e-01	 64 		 9   		 6.6667e-01
 1  		 1.00e-01	 128		 9   		 6.6667e-01
 1  		 1.00e-01	 256		 218 		 2.7523e-02
 1  		 1.00e+00	 32 		 9   		 6.6667e-01
 1  		 1.00e+00	 64 		 9   		 6.6667e-01
 1  		 1.00e+00	 128		 9   		 6.6667e-01
 1  		 1.00e+00	 256		 9   		 6.6667e-01
 1  		 1.00e+01	 32 		 9   		 6.6667e-01
 1  		 1.00e+01	 64 		 9   		 6.6667e-01
 1  		 1.00e+01	 128		 9   		 6.6667e-01
 1  		 1.00e+01	 256		 9   		 6.6667e-01
 1  		 1.00e+02	 32 		 9   		 6.6667e-01
 1  		 1.00e+02	 64 		 9   		 6.6667e-01
 1  		 1.00e+02	 128		 9   		 6.6667e-01
 1  		 1.00e+02	 256		 15  		 4.0000e-01
---------------------------------------------------------------------------
 10 		 1.00e-02	 32 		 17  		 3.5294e-02
 10 		 1.00e-02	 64 		 16  		 3.7500e-02
 10 		 1.00e-02	 128		 111 		 5.4054e-03
 10 		 1.00e-02	 256		 329 		 1.8237e-03
 10 		 1.00e-01	 32 		 11  		 5.4545e-02
 10 		 1.00e-01	 64 		 13  		 4.6154e-02
 10 		 1.00e-01	 128		 13  		 4.6154e-02
 10 		 1.00e-01	 256		 218 		 2.7523e-03
 10 		 1.00e+00	 32 		 9   		 6.6667e-02
 10 		 1.00e+00	 64 		 9   		 6.6667e-02
 10 		 1.00e+00	 128		 9   		 6.6667e-02
 10 		 1.00e+00	 256		 9   		 6.6667e-02
 10 		 1.00e+01	 32 		 9   		 6.6667e-02
 10 		 1.00e+01	 64 		 9   		 6.6667e-02
 10 		 1.00e+01	 128		 9   		 6.6667e-02
 10 		 1.00e+01	 256		 91  		 6.5934e-03
 10 		 1.00e+02	 32 		 9   		 6.6667e-02
 10 		 1.00e+02	 64 		 9   		 6.6667e-02
 10 		 1.00e+02	 128		 9   		 6.6667e-02
 10 		 1.00e+02	 256		 20  		 3.0000e-02


  32 & 6.6e-01 & 3.5e-02 & 6.6e-01 & 5.4e-02 & 6.6e-01 & 6.6e-02 & 6.6e-01 & 6.6e-02 & 6.6e-01 & 6.6e-02\\
  64 & 6.6e-01 & 3.7e-02 & 6.6e-01 & 4.6e-02 & 6.6e-01 & 6.6e-02 & 6.6e-01 & 6.6e-02 & 6.6e-01 & 6.6e-02\\
  128& 6.6e-01 & 5.4e-03 & 6.6e-01 & 4.6e-02 & 6.6e-01 & 6.6e-02 & 6.6e-01 & 6.6e-02 & 6.6e-01 & 6.6e-02\\
  256& 1.9e-02 & 1.8e-03 & 2.7e-02 & 2.7e-03 & 6.6e-01 & 6.6e-02 & 6.6e-01 & 6.5e-03 & 4.0e-01 & 3.0e-02\\
  
 
 
 
 
  
 
 
 
 


















