-------------------------------------------------------------------------------------
 shear	 lambda	 n,m	 FLAG	 |X-Xr|/|Xr|	 |A-Ar|/Ar	 |L-Lr|/Lr 
-------------------------------------------------------------------------------------
 0  	 0.0100	 32 	 1	 3.0290e-03	 1.6222e-04	 1.4183e-03
 0  	 0.0100	 64 	 1	 2.7016e-03	 3.1217e-05	 1.2455e-03
 0  	 0.0100	 128	 1	 2.8039e-03	 1.3958e-03	 7.6356e-04
 0  	 0.0100	 256	 1	 1.8726e-03	 1.1897e-03	 2.9610e-04
-------------------------------------------------------------------------------------
 0  	 0.1000	 32 	 1	 2.8526e-03	 7.5726e-05	 1.3298e-03
 0  	 0.1000	 64 	 1	 2.6604e-03	 2.0210e-05	 1.1876e-03
 0  	 0.1000	 128	 1	 1.8997e-03	 2.0118e-05	 7.4463e-04
 0  	 0.1000	 256	 1	 1.7009e-03	 8.7340e-04	 2.8295e-04
-------------------------------------------------------------------------------------
 0  	 1.0000	 32 	 1	 2.6309e-03	 6.1559e-05	 7.7761e-04
 0  	 1.0000	 64 	 1	 2.1817e-03	 7.6854e-06	 8.2583e-04
 0  	 1.0000	 128	 1	 1.9533e-03	 1.1197e-05	 4.8853e-04
 0  	 1.0000	 256	 1	 1.7055e-03	 8.3579e-05	 1.6320e-04
-------------------------------------------------------------------------------------
 0  	 1.0000	 32 	 1	 2.6309e-03	 6.1559e-05	 7.7761e-04
 0  	 1.0000	 64 	 1	 2.1817e-03	 7.6854e-06	 8.2583e-04
 0  	 1.0000	 128	 1	 1.9533e-03	 1.1197e-05	 4.8853e-04
 0  	 1.0000	 256	 1	 1.7055e-03	 8.3579e-05	 1.6320e-04
-------------------------------------------------------------------------------------
 0  	 10.000	 32 	 1	 1.0623e-02	 2.1152e-05	 8.7957e-05
 0  	 10.000	 64 	 1	 1.1130e-02	 5.5800e-07	 2.1855e-04
 0  	 10.000	 128	 1	 1.1387e-02	 2.6438e-06	 1.2338e-04
 0  	 10.000	 256	 1	 1.1402e-02	 5.5611e-05	 5.4442e-05
-------------------------------------------------------------------------------------
 0  	 100.00	 32 	 1	 5.6030e-03	 5.8110e-06	 3.0718e-04
 0  	 100.00	 64 	 1	 7.3981e-03	 1.5932e-07	 1.9365e-05
 0  	 100.00	 128	 1	 8.2157e-03	 3.3328e-06	 1.3448e-05
 0  	 100.00	 256	 1	 8.1596e-03	 2.9440e-05	 1.4056e-04
-------------------------------------------------------------------------------------
 1  	 0.0100	 32 	 1	 6.2005e-03	 1.1014e-04	 1.4849e-03
 1  	 0.0100	 64 	 1	 5.6757e-03	 5.7516e-05	 1.2791e-03
 1  	 0.0100	 128	 1	 5.0994e-03	 1.5218e-03	 7.9274e-04
 1  	 0.0100	 256	 1	 4.9234e-03	 1.2249e-03	 5.8422e-04
-------------------------------------------------------------------------------------
 1  	 0.1000	 32 	 1	 5.2504e-03	 1.1564e-04	 1.3880e-03
 1  	 0.1000	 64 	 1	 4.7319e-03	 4.0327e-05	 1.2170e-03
 1  	 0.1000	 128	 1	 4.4115e-03	 1.3789e-04	 7.4093e-04
 1  	 0.1000	 256	 1	 4.0709e-03	 7.8941e-04	 5.0919e-04
-------------------------------------------------------------------------------------
 1  	 1.0000	 32 	 1	 2.3856e-03	 5.2462e-05	 8.0853e-04
 1  	 1.0000	 64 	 1	 2.3214e-03	 3.1759e-06	 8.4136e-04
 1  	 1.0000	 128	 1	 1.9267e-03	 8.3771e-06	 4.9735e-04
 1  	 1.0000	 256	 1	 1.7147e-03	 7.1781e-05	 1.8768e-04
-------------------------------------------------------------------------------------
 1  	 10.000	 32 	 1	 3.3981e-02	 1.8238e-05	 6.5971e-05
 1  	 10.000	 64 	 1	 3.4223e-02	 2.0281e-05	 2.2957e-04
 1  	 10.000	 128	 1	 3.4212e-02	 1.4344e-05	 1.2814e-04
 1  	 10.000	 256	 1	 3.3336e-02	 1.7691e-04	 1.4675e-04
-------------------------------------------------------------------------------------
 1  	 100.00	 32 	 1	 3.7719e-02	 3.7489e-05	 2.8534e-04
 1  	 100.00	 64 	 1	 3.7965e-02	 2.1868e-05	 3.0312e-05
 1  	 100.00	 128	 1	 3.7809e-02	 1.2256e-05	 1.3624e-05
 1  	 100.00	 256	 1	 8.6385e-03	 8.2498e-06	 6.0672e-05
------------------------------------------------------------------------------------- 
 10 	 0.0100	 32 	 1	 3.7018e-03	 3.8105e-04	 3.5370e-04
 10 	 0.0100	 64 	 1	 2.7429e-03	 5.7758e-05	 4.3273e-04
 10 	 0.0100	 128	 1	 2.8590e-03	 5.5341e-03	 2.9059e-04
 10 	 0.0100	 256	 1	 1.2486e-03	 2.8856e-03	 1.4444e-04
-------------------------------------------------------------------------------------
 10 	 0.1000	 32 	 1	 3.5269e-03	 1.1372e-04	 3.0941e-04
 10 	 0.1000	 64 	 1	 2.5019e-03	 3.6412e-05	 4.0551e-04
 10 	 0.1000	 128	 1	 2.2659e-03	 1.9871e-03	 1.7928e-04
 10 	 0.1000	 256	 1	 1.1772e-03	 2.1479e-03	 2.8413e-05
-------------------------------------------------------------------------------------
 10 	 1.0000	 32 	 1	 2.9157e-03	 1.2230e-04	 9.5177e-05
 10 	 1.0000	 64 	 1	 2.6829e-03	 6.8625e-05	 2.6630e-04
 10 	 1.0000	 128	 1	 2.5330e-03	 3.4644e-05	 6.9551e-05
 10 	 1.0000	 256	 1	 7.5933e-04	 1.0218e-03	 1.2396e-03
-------------------------------------------------------------------------------------
 10 	 10.000	 32 	 1	 2.2905e-02	 3.5802e-04	 8.8639e-05
 10 	 10.000	 64 	 1	 2.2481e-02	 1.8533e-04	 1.2678e-04
 10 	 10.000	 128	 1	 2.2371e-02	 9.0553e-05	 6.4911e-05
 10 	 10.000	 256	 1	 1.2618e-02	 1.9664e-04	 1.0439e-03
-------------------------------------------------------------------------------------
 10 	 100.00	 32 	 1	 3.6384e-01	 4.0440e-04	 1.1223e-04
 10 	 100.00	 64 	 1	 3.6400e-01	 2.0504e-04	 1.0244e-04
 10 	 100.00	 128	 1	 3.6167e-01	 1.1457e-04	 2.4470e-05
 10 	 100.00	 256	 1	 4.2656e-03	 4.3899e-05	 1.6613e-04
