-------------------------------------------------------------------------------------
 shear	 lambda	 n,m	 FLAG	 |X-Xr|/|Xr|	 |A-Ar|/Ar	 |L-Lr|/Lr 
-------------------------------------------------------------------------------------
 0  	 0.0100	 32 	 1	 3.5663e-02	 1.6947e-03	 6.3850e-05
 0  	 0.0100	 64 	 1	 3.4479e-02	 3.4921e-05	 1.1809e-04
 0  	 0.0100	 128	 1	 3.5328e-02	 9.6133e-04	 1.0142e-04
 0  	 0.0100	 256	 1	 2.9605e-02	 7.7163e-03	 3.0631e-04
-------------------------------------------------------------------------------------
 1  	 0.0100	 32 	 1	 3.4440e-02	 1.6328e-03	 6.1775e-04
 1  	 0.0100	 64 	 1	 3.4015e-02	 1.0184e-04	 1.7148e-04
 1  	 0.0100	 128	 1	 3.6245e-02	 3.0957e-03	 9.0416e-05
 1  	 0.0100	 256	 1	 3.5423e-02	 1.2163e-03	 3.8165e-04
-------------------------------------------------------------------------------------
 10 	 0.0100	 32 	 1	 2.7907e-01	 1.1629e-02	 1.0947e-01
 10 	 0.0100	 64 	 1	 9.1607e-03	 1.3008e-04	 1.6573e-03
 10 	 0.0100	 128	 1	 8.7123e-03	 4.4226e-03	 4.6866e-04
 10 	 0.0100	 256	 1	 1.8347e-02	 1.3275e-02	 5.4317e-05
=====================================================================================
=====================================================================================
 0  	 0.1000	 32 	 1	 1.8395e-03	 1.4027e-04	 6.3593e-06
 0  	 0.1000	 64 	 1	 1.7005e-03	 3.4037e-05	 8.6693e-05
 0  	 0.1000	 128	 1	 1.5940e-03	 3.8009e-05	 1.1397e-04
 0  	 0.1000	 256	 1	 1.5829e-03	 4.8688e-05	 3.0887e-04
-------------------------------------------------------------------------------------
 1  	 0.1000	 32 	 1	 2.3705e-03	 3.2160e-04	 4.7125e-04
 1  	 0.1000	 64 	 1	 1.6516e-03	 9.3493e-05	 1.3316e-04
 1  	 0.1000	 128	 1	 1.5336e-03	 2.7999e-04	 1.0562e-04
 1  	 0.1000	 256	 1	 2.3532e-03	 1.4078e-03	 4.0982e-04
-------------------------------------------------------------------------------------
 10 	 0.1000	 32 	 1	 7.7263e-01	 2.7696e-03	 2.7249e-01
 10 	 0.1000	 64 	 1	 4.3485e-03	 4.4532e-04	 1.9716e-03
 10 	 0.1000	 128	 1	 5.9251e-03	 4.1112e-04	 6.6889e-04
 10 	 0.1000	 256	 1	 6.3782e-03	 1.0941e-03	 1.5796e-04
=====================================================================================
=====================================================================================
 0  	 1.0000	 32 	 1	 1.1849e-03	 2.8874e-05	 3.9248e-04
 0  	 1.0000	 64 	 1	 9.9866e-04	 1.6926e-05	 8.3325e-05
 0  	 1.0000	 128	 1	 7.9581e-04	 2.6746e-06	 1.8357e-04
 0  	 1.0000	 256	 1	 5.7294e-04	 1.1816e-05	 3.4155e-04
-------------------------------------------------------------------------------------
 1  	 1.0000	 32 	 1	 1.6688e-03	 6.2186e-05	 2.4488e-04
 1  	 1.0000	 64 	 1	 1.2430e-03	 3.7320e-05	 6.4826e-05
 1  	 1.0000	 128	 1	 9.8452e-04	 5.2452e-06	 1.8285e-04
 1  	 1.0000	 256	 1	 7.5156e-04	 8.3505e-06	 4.4891e-04
-------------------------------------------------------------------------------------
 10 	 1.0000	 32 	 1	 6.1014e-01	 2.9734e-02	 1.2323e-01
 10 	 1.0000	 64 	 1	 5.3531e-02	 3.3240e-03	 4.4212e-03
 10 	 1.0000	 128	 1	 1.9991e-03	 1.7982e-04	 1.1358e-03
 10 	 1.0000	 256	 1	 4.9004e-03	 5.4282e-05	 3.6519e-04
=====================================================================================
=====================================================================================
 0  	 10.000	 32 	 1	 1.7548e-03	 4.4939e-05	 6.8701e-04
 0  	 10.000	 64 	 1	 6.4876e-04	 1.6426e-07	 1.9929e-04
 0  	 10.000	 128	 1	 6.0393e-04	 1.0897e-06	 1.7060e-04
 0  	 10.000	 256	 1	 7.7925e-04	 3.7471e-07	 3.4751e-04
-------------------------------------------------------------------------------------
 1  	 10.000	 32 	 1	 1.9450e-03	 4.4300e-05	 6.9294e-04
 1  	 10.000	 64 	 1	 9.9952e-04	 9.7840e-07	 1.9811e-04
 1  	 10.000	 128	 1	 1.2798e-03	 4.8198e-06	 1.6544e-04
 1  	 10.000	 256	 1	 2.6953e-03	 1.2848e-04	 4.4573e-04
-------------------------------------------------------------------------------------
 10 	 10.000	 32 	 1	 9.2152e-03	 1.0382e-02	 7.3202e-03
 10 	 10.000	 64 	 1	 1.9037e-03	 1.4901e-03	 1.1391e-03
 10 	 10.000	 128	 1	 1.5297e-03	 1.8870e-04	 2.9188e-04
 10 	 10.000	 256	 1	 9.1215e-03	 8.7492e-05	 1.9286e-04
=====================================================================================
=====================================================================================
 0  	 100.00	 32 	 1	 2.8278e-03	 5.5720e-06	 3.5451e-04
 0  	 100.00	 64 	 1	 2.1129e-03	 9.8813e-07	 5.8644e-05
 0  	 100.00	 128	 1	 2.0816e-03	 2.2550e-06	 6.1879e-05
 0  	 100.00	 256	 1	 2.2473e-03	 5.2313e-06	 1.8016e-04
-------------------------------------------------------------------------------------
 1  	 100.00	 32 	 1	 2.0171e-02	 1.0987e-05	 3.5991e-04
 1  	 100.00	 64 	 1	 2.0226e-02	 1.0053e-06	 5.9033e-05
 1  	 100.00	 128	 1	 1.7044e-02	 1.3301e-05	 6.7479e-05
 1  	 100.00	 256	 1	 1.1067e-02	 2.4787e-04	 3.9064e-04
-------------------------------------------------------------------------------------
 10 	 100.00	 32 	 1	 9.4347e-02	 3.5708e-02	 1.8725e-02
 10 	 100.00	 64 	 1	 8.8821e-02	 5.5984e-03	 2.9307e-03
 10 	 100.00	 128	 1	 1.6113e-01	 6.0921e-04	 2.2176e-04
 10 	 100.00	 256	 1	 5.5063e-01	 8.2712e-04	 5.5813e-04
=====================================================================================
=====================================================================================
