 shear		 lambda		 n		 m		 ts
---------------------------------------------------------------------------
 0  		 1.00e-02	 32 		 9   		 6.6667e-01
 0  		 1.00e-02	 64 		 9   		 6.6667e-01
 0  		 1.00e-02	 128		 9   		 6.6667e-01
 0  		 1.00e-02	 256		 9   		 6.6667e-01
---------------------------------------------------------------------------
 0  		 1.00e-01	 32 		 9   		 6.6667e-01
 0  		 1.00e-01	 64 		 9   		 6.6667e-01
 0  		 1.00e-01	 128		 9   		 6.6667e-01
 0  		 1.00e-01	 256		 9   		 6.6667e-01
---------------------------------------------------------------------------
 0  		 1.00e+00	 32 		 9   		 6.6667e-01
 0  		 1.00e+00	 64 		 9   		 6.6667e-01
 0  		 1.00e+00	 128		 9   		 6.6667e-01
 0  		 1.00e+00	 256		 9   		 6.6667e-01
---------------------------------------------------------------------------
 0  		 1.00e+01	 32 		 9   		 6.6667e-01
 0  		 1.00e+01	 64 		 9   		 6.6667e-01
 0  		 1.00e+01	 128		 9   		 6.6667e-01
 0  		 1.00e+01	 256		 9   		 6.6667e-01
---------------------------------------------------------------------------
 0  		 1.00e+02	 32 		 9   		 6.6667e-01
 0  		 1.00e+02	 64 		 9   		 6.6667e-01
 0  		 1.00e+02	 128		 9   		 6.6667e-01
 0  		 1.00e+02	 256		 9   		 6.6667e-01
---------------------------------------------------------------------------
 1  		 1.00e-02	 32 		 29  		 2.0690e-01
 1  		 1.00e-02	 64 		 35  		 1.7143e-01
 1  		 1.00e-02	 128		 85  		 7.0588e-02
 1  		 1.00e-02	 256		 214 		 2.8037e-02
---------------------------------------------------------------------------
 1  		 1.00e-01	 32 		 27  		 2.2222e$-$01
 1  		 1.00e-01	 64 		 33  		 1.8182e$-$01
 1  		 1.00e-01	 128		 63  		 9.5238e$-$02
 1  		 1.00e-01	 256		 167 		 3.5928e$-$02
---------------------------------------------------------------------------
 1  		 1.00e+00	 32 		 21  		 2.8571e$-$01
 1  		 1.00e+00	 64 		 23  		 2.6087e$-$01
 1  		 1.00e+00	 128		 25  		 2.4000e$-$01
 1  		 1.00e+00	 256		 25  		 2.4000e$-$01
---------------------------------------------------------------------------
 1  		 1.00e+01	 32 		 9   		 6.6667e$-$01
 1  		 1.00e+01	 64 		 9   		 6.6667e$-$01
 1  		 1.00e+01	 128		 9   		 6.6667e$-$01
 1  		 1.00e+01	 256		 59  		 1.0169e$-$01
---------------------------------------------------------------------------
 1  		 1.00e+02	 32 		 9   		 6.6667e$-$01
 1  		 1.00e+02	 64 		 9   		 6.6667e$-$01
 1  		 1.00e+02	 128		 9   		 6.6667e$-$01
 1  		 1.00e+02	 256		 19  		 3.1579e$-$01
---------------------------------------------------------------------------
 10 		 1.00e-02	 32 		 508 		 1.1811e$-$02
 10 		 1.00e-02	 64 		 556 		 1.0791e$-$02
 10 		 1.00e-02	 128		 1112		 5.3957e$-$03
 10 		 1.00e-02	 256		 2256		 2.6596e$-$03
---------------------------------------------------------------------------
 10 		 1.00e-01	 32 		 390 		 1.5385e$-$02
 10 		 1.00e-01	 64 		 508 		 1.1811e$-$02
 10 		 1.00e-01	 128		 936 		 6.4103e$-$03
 10 		 1.00e-01	 256		 1840		 3.2609e$-$03
---------------------------------------------------------------------------
 10 		 1.00e+00	 32 		 147 		 4.0816e$-$02
 10 		 1.00e+00	 64 		 274 		 2.1898e$-$02
 10 		 1.00e+00	 128		 270 		 2.2222e$-$02
 10 		 1.00e+00	 256		 278 		 2.1583e$-$02
---------------------------------------------------------------------------
 10 		 1.00e+01	 32 		 69  		 8.6957e$-$02
 10 		 1.00e+01	 64 		 274 		 2.1898e$-$02
 10 		 1.00e+01	 128		 628 		 9.5541e$-$03
 10 		 1.00e+01	 256		 1712		 3.5047e$-$03
---------------------------------------------------------------------------
 10 		 1.00e+02	 32 		 85  		 7.0588e$-$02
 10 		 1.00e+02	 64 		 65  		 9.2308e$-$02
 10 		 1.00e+02	 128		 191 		 3.1414e$-$02
 10 		 1.00e+02	 256		 322 		 1.8634e$-$02

